10
1000
0.01
1
0.01
0.542372 -0.264199 -0.137064 -0.0774935 0.941626
-0.174658 -0.186142 0.157187 0.000392139 0.903186
-0.700117 -0.200574 0.180785 0.0965527 0.1
0.628251 0.783276 -0.0269052 0.150784 0.995994
-0.575195 -0.561971 -0.0909924 0.0837089 0.626263
0.00891066 -0.827685 0.173409 -0.135454 0.837614
0.252688 -0.738638 0.0399155 -0.0817726 0.230547
0.384274 0.247859 -0.206411 -0.043664 0.609039
0.265502 -0.573845 -0.143096 -0.0709834 0.240787
-0.0894628 0.176931 0.0947542 0.144064 0.690553
0.682099 0.945925 -0.129405 0.240954 0.687374
-0.147115 -0.00903112 0.243539 -0.195 0.641695
-0.827211 0.324758 0.236575 -0.117185 0.595922
0.54175 0.0587016 -0.0236129 0.178739 0.849757
0.0507723 -0.723527 0.228139 0.188043 0.428497
0.927905 0.669056 -0.154272 0.0204355 0.1
0.787686 0.395741 -0.136863 0.209705 0.1
-0.268336 0.854722 0.177397 -0.177247 0.982151
0.105129 -0.315551 -0.105203 -0.0857611 0.683843
0.837853 0.98723 -0.108726 0.220342 0.1
0.90871 0.386854 -0.0958336 0.121757 0.302977
-0.493274 -0.235519 -0.218459 0.0137913 0.300998
-0.229587 -0.0673746 0.125036 -0.0968232 0.1
0.969795 -0.174643 -0.078053 0.172147 0.600681
-0.26241 0.165624 0.114167 -0.0582295 0.779368
0.302041 0.245837 -0.245826 -0.195081 0.652614
-0.556831 -0.283151 0.0474435 -0.00626892 0.452087
-0.0896286 0.667926 0.214132 0.140006 0.632919
0.135622 -0.297254 0.132752 0.0587673 0.795367
0.705817 -0.0595973 -0.067607 0.0324842 0.969728
0.264087 0.417938 -0.03257 0.128745 0.930382
0.580145 -0.0173724 0.113737 0.174486 0.839352
-0.529009 0.686136 -0.089 -0.186532 0.545831
0.506054 -0.936645 -0.0591111 0.0421113 0.696507
0.63826 0.23921 -0.176234 0.249537 0.697253
-0.137896 -0.0106869 -0.239514 0.0164598 0.967765
0.141138 -0.706447 -0.145945 0.0185076 0.431858
0.902613 0.346231 0.153632 0.0404383 0.96741
-0.436349 0.722624 0.185321 0.212754 0.1
0.813739 -0.775689 0.0986424 -0.0435721 0.395078
0.884578 0.556438 0.0422816 0.0534776 0.757986
-0.189269 0.0744228 0.15705 -0.147873 0.171134
-0.895355 -0.532635 -0.0728334 -0.16462 0.100771
0.873616 -0.454347 0.231965 0.214094 0.204983
-0.671358 -0.202446 -0.0304411 0.00939515 0.996499
0.570686 -0.487828 0.0253543 0.0819297 0.123118
0.378404 0.288346 -0.212916 0.0722879 0.43535
0.433179 -0.135079 0.218402 -0.0487777 0.693493
0.939941 -0.568565 0.0600616 -0.0123344 0.590338
-0.70464 -0.98749 0.0205306 0.0338459 0.426413
-0.491235 0.178301 0.176559 -0.115111 0.114153
-0.201885 -0.971208 0.0732127 -0.166926 0.548512
-0.852664 -0.57418 -0.170246 0.187137 0.390784
0.522147 0.0887045 0.0439963 0.247882 0.965161
0.635506 0.123243 -0.0819328 -0.10255 0.453283
-0.183837 0.864634 -0.0544055 0.0608947 0.692236
0.962992 -0.105822 0.126505 0.0716524 0.861263
0.224548 0.373403 -0.113179 0.0771824 0.681598
-0.759027 0.297008 0.0747203 -0.0960378 0.770323
-0.870415 0.637497 0.167606 -0.153519 0.910419
-0.463733 0.505277 -0.0596251 0.0302764 0.135874
-0.546755 0.973413 0.0809906 -0.000646502 0.407014
-0.471644 -0.879021 0.126201 -0.0943756 0.37673
-0.00066787 -0.803839 -0.0197402 -0.129885 0.608221
0.0526177 0.757186 -0.148615 0.0911435 0.895881
0.823332 -0.860616 0.142432 -0.00569795 0.531892
-0.838778 0.976347 0.0871931 0.0908449 0.241179
0.892967 0.170629 0.101906 -0.0442526 0.425218
0.158036 -0.523575 0.244882 0.138884 0.295446
0.0384331 0.871279 -0.218714 -0.172015 0.486443
0.887941 0.888191 0.0268202 0.102405 0.719813
0.343403 -0.313021 0.119418 0.00235403 0.314286
-0.850651 0.327328 -0.120116 -0.079244 0.450672
-0.853852 0.323382 -0.0517763 0.126004 0.920915
0.735649 0.068568 0.0313052 0.141339 0.1
0.246922 0.492241 0.172053 -0.0267021 0.481785
0.815124 -0.0218653 -0.0180385 0.142526 0.1
-0.221595 0.877898 -0.0346311 -0.00348204 0.947873
-0.568841 0.198027 0.217242 0.148131 0.147809
0.516476 0.876762 0.116674 0.146274 0.481319
0.0226662 -0.277229 0.226765 0.0485955 0.1
0.0102088 -0.682733 0.174109 -0.00474016 0.319482
0.983164 0.0793217 -0.0136971 -0.0298218 0.966817
0.359705 -0.862558 0.123926 0.0562602 0.779032
0.432238 0.280771 -0.0492894 0.146961 0.253637
-0.00308812 -0.498859 0.0410254 0.23377 0.6757
0.261663 0.923667 0.228904 0.131987 0.360595
-0.925709 0.776494 0.221663 0.214021 0.636008
-0.477625 -0.59986 0.192736 0.13672 0.578923
0.0173069 0.383391 0.0941311 0.171389 0.1
0.483433 0.499805 0.243106 0.00441426 0.270198
-0.546047 -0.45288 0.200648 -0.0382178 0.1
-0.95644 -0.171367 -0.0838467 -0.0608676 0.89887
0.875966 0.505503 0.216792 0.0567907 0.868219
-0.0780736 -0.619088 -0.162849 0.0138859 0.616511
0.344921 -0.371026 -0.197035 0.158437 0.1
-0.216917 -0.483786 0.165609 0.048799 0.337534
0.975493 -0.880035 -0.124248 -0.0802305 0.702213
-0.16666 0.651771 -0.0882549 0.210978 0.544223
-0.652972 -0.150817 -0.238417 -0.0842149 0.413561
0.126037 0.99144 -0.00441718 0.160363 0.278313
-0.542882 0.604353 0.0723009 -0.0497475 0.78669
0.224581 -0.147636 -0.201736 -0.0757781 0.509233
-0.292255 -0.79128 -0.151006 -0.113071 0.469531
0.871583 0.102771 -0.046413 -0.16427 0.928259
-0.528923 0.328632 -0.0489791 0.0794784 0.14903
0.346741 0.463846 0.153656 0.048256 0.466388
-0.57655 -0.888912 0.0269325 0.157993 0.384038
-0.0860308 -0.38148 -0.122765 0.0366669 0.358716
0.517245 0.279467 0.241683 -0.150448 0.297706
-0.852502 0.396062 -0.00650497 0.00465924 0.552522
0.0592097 -0.270424 -0.0144694 -0.144567 0.1
-0.192341 0.872789 0.0477794 0.118126 0.861279
0.427461 -0.828938 -0.05963 0.22052 0.490283
-0.31743 -0.188142 0.164106 0.186233 0.374533
-0.247445 -0.492469 0.207021 0.0989466 0.54624
0.605727 -0.724247 -0.240809 -0.13836 0.95296
-0.469742 0.355751 0.233704 -0.107322 0.25206
-0.264817 -0.675151 -0.142468 0.0911327 0.30733
-0.759671 -0.694566 0.00750202 -0.0847591 0.597971
-0.209591 0.790203 -0.199241 0.103245 0.507613
0.88962 0.560816 0.101456 -0.0697621 0.949765
0.955409 0.0859662 -0.132344 0.127273 0.395561
0.699562 -0.695725 -0.211056 0.0639447 0.150172
0.749479 -0.986475 0.217997 0.117442 0.888302
-0.917813 -0.222055 -0.0705801 0.105066 0.1
-0.809492 -0.0874161 -0.0478155 -0.137628 0.86599
-0.507443 0.465802 0.136207 0.0732333 0.1
0.677601 0.125032 0.175345 0.23599 0.898012
-0.93004 0.735106 0.197727 0.0194003 0.654711
-0.493772 -0.476287 -0.196826 -0.106915 0.155062
0.510256 0.134336 -0.0197246 0.0435119 0.920962
-0.771796 0.306002 0.035029 0.155717 0.970136
-0.648986 0.791295 -0.0663595 -0.00288318 0.948893
-0.812151 0.605415 0.190711 -0.0143774 0.285389
-0.13984 0.983386 -0.233348 -0.0278904 0.681893
-0.776033 -0.294282 -0.199888 0.141287 0.1
-0.321913 0.757994 0.163558 -0.0280698 0.275929
0.413109 -0.939202 -0.0786488 -0.00882065 0.265316
0.280297 0.310977 -0.247231 -0.234292 0.377772
0.490766 -0.434663 -0.0355479 -0.181028 0.398239
-0.417662 0.986978 -0.201392 -0.209387 0.148556
-0.38299 0.0612775 -0.0869192 -0.0465722 0.967218
-0.0535442 -0.356757 0.196475 0.00818774 0.632654
0.479755 0.0238647 0.184046 0.00566375 0.1
-0.734826 -0.0782849 0.0696073 -0.166214 0.904245
-0.968123 0.409274 -0.225858 -0.0574293 0.239448
0.683841 0.759525 0.13708 0.00791073 0.403652
0.882011 0.264703 0.230042 0.154336 0.973088
0.727012 0.549878 0.153372 -0.20652 0.508089
0.0190141 -0.0430462 0.111734 0.168053 0.523496
0.00818682 0.995671 -0.046697 0.0339316 0.768982
-0.836785 0.0206841 -0.218408 0.0644017 0.776896
-0.138535 -0.488086 -0.0769897 -0.160979 0.1
0.994964 0.989052 0.108292 0.098769 0.236428
0.531066 0.135634 -0.156564 -0.0436342 0.518802
-0.0700195 0.648373 0.0682026 -0.135637 0.82669
0.458034 -0.357923 -0.190229 0.129446 0.627906
-0.913188 0.939467 0.21731 0.239172 0.460949
-0.59859 -0.855739 -0.0814797 -0.0313863 0.973269
-0.37363 -0.735184 0.0122305 -0.233042 0.1
-0.198935 -0.579698 -0.0765479 0.132749 0.736701
-0.898294 0.0494673 0.170494 0.249265 0.483651
0.617217 -0.478025 -0.165671 0.145449 0.80085
-0.208926 -0.98422 0.104076 -0.12928 0.13722
0.808499 -0.472728 0.0792236 -0.0926134 0.611022
0.809955 0.151915 -0.220818 0.134078 0.940374
-0.0560203 -0.31049 -0.18917 0.046488 0.716796
-0.105152 0.440083 0.168093 -0.105156 0.713241
0.614316 -0.814469 0.0745552 0.0710999 0.233221
-0.569419 0.287943 0.151465 0.120067 0.269268
-0.408075 -0.606395 -0.196553 -0.0784008 0.578444
0.662506 0.60342 0.103291 0.0343477 0.474245
0.774409 -0.890581 0.0245452 0.231074 0.401594
0.339629 0.736341 -0.000150293 -0.107017 0.190218
-0.156767 -0.354561 -0.16153 0.0601629 0.540879
0.444306 0.554508 -0.0004199 -0.157003 0.143558
-0.357215 -0.198462 0.178308 -0.215749 0.490379
0.49834 0.879784 0.0141863 0.0290927 0.23364
-0.458013 0.82117 -0.0660046 -0.143652 0.182384
0.384553 0.533208 -0.131728 0.0141872 0.945262
0.395952 0.240651 0.0914041 -0.0446746 0.680655
-0.017676 -0.253088 -0.0150776 0.00584599 0.259465
-0.0676696 0.639313 -0.112302 -0.0969543 0.167472
-0.0721755 0.466667 0.0664447 -0.109241 0.490984
0.896655 0.175079 0.243085 0.245151 0.450183
-0.9993 -0.353259 -0.166376 -0.164554 0.184913
-0.552335 -0.0197585 0.0271595 -0.113059 0.767039
0.235666 0.494927 0.112166 -0.242437 0.160366
0.859789 -0.926087 -0.121432 0.0618177 0.605741
0.70468 0.270223 -0.00248939 -0.0734115 0.181581
0.258119 0.447868 0.144526 0.230905 0.765883
-0.0640582 -0.420088 0.145755 -0.226208 0.167765
0.954893 -0.5482 0.0736914 -0.00311846 0.608064
-0.280752 0.7885 -0.120967 -0.148481 0.808002
0.950173 -0.931238 0.177932 0.142261 0.415362
-0.755964 0.381347 0.115645 0.0145651 0.934955
-0.714082 0.00305879 -0.0600045 -0.000428393 0.339745
0.0841742 0.0106223 -0.075726 0.11817 0.828472
-0.149196 -0.945477 0.187517 -0.0268687 0.640133
0.899726 0.182225 -0.128553 -0.165317 0.948204
0.104679 -0.95015 -0.10443 -0.0977327 0.178541
0.981957 0.12657 0.0957602 0.00266331 0.1
-0.0689774 -0.234213 -0.247139 -0.0713952 0.969584
-0.730522 -0.945827 -0.078949 0.0884224 0.448558
0.0846789 -0.821194 0.166339 -0.00954984 0.176686
-0.168214 0.685286 -0.0698047 -0.0162222 0.616023
-0.120732 0.554488 0.137527 -0.049546 0.621793
0.249066 -0.116952 -0.0953372 0.123094 0.532515
-0.613263 0.638411 -0.115953 0.155484 0.1
-0.870217 0.376385 -0.186121 -0.0887362 0.232655
-0.787101 -0.818773 0.0121572 0.24822 0.205466
0.109934 -0.481313 -0.0244186 -0.0960713 0.646327
-0.714923 -0.548303 -0.239413 -0.11382 0.402022
0.186329 -0.415455 -0.0826512 0.247498 0.203772
-0.305312 0.973742 -0.0258524 0.0139827 0.749584
0.741454 0.130219 0.169173 -0.215363 0.321525
0.333184 0.81957 -0.00539941 -0.152018 0.639575
0.849675 -0.498086 -0.178388 -0.117872 0.405405
-0.311885 0.145267 0.114933 -0.242269 0.129322
-0.744144 -0.169906 -0.154783 -0.0233454 0.528503
0.215521 0.733448 -0.035507 -0.106615 0.624285
-0.553912 0.0138614 0.148344 -0.228184 0.804997
-0.0341414 -0.528258 0.204922 0.0256458 0.226049
-0.497078 0.714877 0.0304917 0.0110485 0.912252
-0.264329 -0.173677 -0.235289 0.0291097 0.557674
0.470893 0.159487 0.149207 0.194495 0.83301
0.220479 -0.838927 0.0745078 -0.200752 0.561707
-0.619436 0.0167943 -0.186594 -0.202284 0.450919
0.907302 0.0115796 0.0999225 0.145589 0.919072
0.247383 -0.642135 -0.088915 -0.0456929 0.419007
0.0611883 -0.240212 0.141892 0.179913 0.786658
0.565376 0.264421 0.196449 0.12053 0.493342
0.22367 -0.508301 -0.12567 0.190442 0.788289
-0.910461 -0.970914 0.184591 -0.216709 0.917412
-0.647945 -0.303981 -0.0623499 0.0239781 0.620175
-0.480437 -0.077433 0.128004 -0.0120134 0.506498
0.606574 -0.795049 -0.189101 0.170429 0.469387
0.499467 -0.0213834 0.15124 0.124992 0.452041
-0.331451 0.5936 0.149362 -0.0259118 0.150107
-0.964629 0.518226 0.160398 -0.233518 0.926977
-0.383233 0.465497 0.0478852 0.224835 0.217125
0.754152 -0.250679 0.140813 -0.0581466 0.1
0.797591 -0.590447 -0.212193 -0.17101 0.839856
-0.245324 -0.109099 -0.217608 -0.0607362 0.81076
0.61376 0.674329 0.239424 0.136202 0.74082
0.385575 -0.110225 0.154324 0.111493 0.178524
0.812476 0.148655 -0.192676 -0.244827 0.399871
0.245567 0.471069 -0.0139177 0.172669 0.816008
0.695068 0.743422 -0.136593 0.196716 0.649436
0.824756 0.329332 -0.0420004 -0.0697675 0.665803
0.911087 -0.227903 0.188253 0.0282089 0.993278
-0.0431356 0.539807 0.0805643 0.174079 0.191293
-0.00128859 -0.743528 -0.112426 0.23549 0.673257
-0.816156 -0.80931 0.240197 -0.0768343 0.642853
0.816043 0.180195 0.217654 0.00617173 0.24224
-0.64792 0.203631 0.158918 -0.0697624 0.464249
-0.646482 -0.354666 0.222375 -0.0497877 0.434053
-0.719267 0.999631 0.00251552 -0.200685 0.237657
0.758488 0.582383 0.159968 0.141783 0.516262
0.621633 0.844867 -0.186622 0.176796 0.626355
-0.631059 0.923642 -0.178479 -0.140713 0.750265
0.443924 -0.631239 0.00459567 -0.14816 0.246429
0.249746 0.00907171 -0.163344 0.177942 0.892239
-0.518729 -0.677371 -0.21157 0.230209 0.924798
-0.162867 -0.0759681 -0.0232356 0.0829579 0.636469
-0.0515422 -0.639565 -0.162169 -0.1692 0.218717
-0.503962 0.669896 -0.0084056 0.144767 0.981304
0.900778 0.0915945 0.0136284 -0.103888 0.75901
0.733783 0.760722 -0.164901 0.0310902 0.926107
-0.974601 -0.100124 0.117119 -0.196355 0.1
-0.472615 -0.500305 0.0638588 -0.245705 0.355746
-0.286854 -0.212443 -0.0953086 0.0236445 0.617612
0.192181 -0.200423 -0.199594 0.218099 0.133427
-0.76824 0.180299 0.15345 -0.242184 0.1
0.875867 -0.395315 0.116335 0.123661 0.364379
-0.702324 0.511255 -0.226774 0.216204 0.159875
-0.706507 -0.473329 -0.157557 -0.0649513 0.812237
-0.791035 -0.709193 -0.157049 0.23928 0.364442
-0.217889 0.107351 0.113028 0.0352534 0.294014
-0.4523 -0.0942144 9.5278e-05 0.192111 0.584227
-0.0367848 -0.941689 -0.104202 0.0577399 0.155709
0.440988 -0.753375 0.232638 -0.23299 0.485123
0.833458 -0.229703 -0.136718 0.0220881 0.9098
0.47956 0.141675 0.00132585 -0.0854516 0.564666
0.833145 -0.698542 0.0856587 0.0176762 0.266602
-0.189388 0.95225 0.0670769 0.182575 0.394139
0.180638 -0.0451571 -0.00432158 -0.0447249 0.1
-0.439412 0.260696 -0.0843424 0.222917 0.234645
-0.624013 -0.875729 -0.192042 0.122864 0.1
0.63445 0.618355 0.226239 0.0174514 0.124676
0.374584 -0.214148 -0.154889 0.00233889 0.670773
-0.696221 -0.0111513 -0.237209 0.173351 0.711391
0.142818 0.51352 0.112957 0.129662 0.570321
-0.356744 -0.0644631 0.134532 -0.220235 0.873482
-0.552038 -0.92022 0.0652818 0.231666 0.74174
0.898428 0.591988 -0.00288987 -0.134227 0.4564
0.791491 -0.33085 0.0175059 -0.194658 0.812086
-0.0379309 0.665593 0.205718 -0.109707 0.369168
0.749499 0.0346847 0.0413821 0.0483 0.592817
-0.795796 -0.24125 0.0622553 0.101543 0.527541
-0.306918 0.593877 -0.11228 0.17941 0.732535
0.188259 -0.514627 -0.114409 -0.219177 0.834309
-0.324601 -0.424424 -0.0549322 0.139127 0.750403
-0.686257 -0.799548 -0.0738126 0.194953 0.40036
-0.364687 0.459 -0.0190435 -0.00855345 0.615479
0.101775 -0.265936 0.195537 -0.086184 0.885901
-0.549698 -0.165889 0.0164798 -0.127143 0.1
0.164927 -0.624679 0.0253792 -0.241784 0.440099
0.74392 0.88107 -0.154784 0.124588 0.267615
0.365062 0.720846 0.240607 0.125581 0.526975
-0.5285 0.567875 -0.231043 0.210634 0.85189
0.818173 0.477012 0.0133203 0.0732365 0.851295
-0.506172 0.650612 0.046495 -0.201585 0.1
0.128148 -0.780731 -0.0791602 -0.00524187 0.320896
-0.937401 0.846525 0.220601 -0.0860765 0.524918
-0.204856 -0.150973 -0.112863 -0.113684 0.811323
0.41285 -0.142543 0.216723 -0.035324 0.784054
0.726852 0.857284 0.188154 0.230682 0.485301
-0.843192 -0.143812 0.0809359 0.179908 0.476177
0.487247 0.622283 -0.0424294 0.119773 0.456483
0.102775 0.100873 -0.0598502 -0.0739014 0.940756
0.269084 0.239333 0.167152 0.149141 0.468301
0.563363 -0.877727 0.0371274 -0.0690257 0.104246
0.211328 -0.107585 0.179031 0.185663 0.102077
0.333525 0.714608 0.0987787 0.0720201 0.392329
0.112195 0.0372887 0.144898 -0.18717 0.160383
0.765133 -0.90419 0.168966 -0.166712 0.597759
-0.662102 -0.354659 0.151378 -0.0354803 0.625458
0.753162 -0.92639 -0.0509899 0.108745 0.1
0.242074 -0.14493 0.214257 -0.0381506 0.448557
-0.751711 0.606252 -0.141558 0.217765 0.240932
-0.486473 -0.594239 -0.0295587 0.006455 0.216502
-0.118476 0.955434 0.158548 -0.146492 0.254765
-0.693032 -0.0576324 -0.0433098 -0.0999034 0.445446
-0.436166 -0.732005 0.243667 0.226395 0.729044
0.23156 -0.378329 -0.176492 0.183007 0.276084
0.852541 -0.349666 0.0738942 -0.018355 0.997306
-0.523688 0.688316 0.117729 -0.214487 0.193655
-0.141328 -0.0281214 0.224975 0.113088 0.443972
0.175722 -0.110541 0.066782 -0.0862233 0.18326
0.294844 0.195879 -0.0255366 0.145924 0.268683
-0.99771 0.143451 0.19166 0.0573729 0.695829
0.436419 -0.500488 -0.149836 -0.109182 0.73535
-0.87848 0.505005 -0.185052 0.171206 0.6678
-0.773363 -0.869423 0.187659 0.192112 0.657563
-0.0901597 0.54466 0.0451925 0.237632 0.15721
-0.834359 0.11088 0.169603 0.129774 0.142598
0.752561 0.941988 0.219674 -0.0549085 0.64811
-0.400153 -0.122783 -0.0128422 -0.123348 0.107559
0.974105 0.953397 -0.137273 0.219918 0.1
-0.22672 -0.640311 -0.043221 -0.15955 0.381001
0.21295 0.77705 0.163289 -0.180353 0.659659
-0.284012 -0.599457 -0.120737 -0.224609 0.854219
-0.526361 0.489312 -0.221072 -0.0651576 0.1
-0.250272 -0.686518 0.0916803 0.172734 0.532807
-0.0695297 0.268666 0.173521 -0.139747 0.775202
-0.618677 -0.285666 -0.24185 -0.140532 0.342432
0.576632 -0.850102 -0.0998196 -0.233825 0.139915
-0.78516 -0.754665 0.164584 -0.00920203 0.829875
0.304575 0.0689533 -0.226309 -0.00560628 0.1
-0.61326 0.642098 -0.125915 0.0412506 0.701126
0.589558 -0.444292 0.245162 0.19697 0.603863
-0.917855 -0.786585 -0.0813753 0.0287777 0.304934
-0.562697 0.955736 0.142207 -0.0623162 0.434412
0.53013 -0.882073 0.188629 -0.0952713 0.22398
-0.284299 -0.481417 0.0461206 0.0566334 0.114963
-0.271466 0.0811806 -0.0430917 -0.218395 0.1
-0.514842 -0.412326 -0.225778 0.183375 0.717916
-0.110717 0.718787 0.0550902 0.216608 0.350973
0.531578 -0.504846 -0.179142 0.156195 0.519451
0.335915 0.532001 0.164944 -0.149229 0.267388
-0.0131493 -0.827328 -0.171578 -0.0156726 0.732492
-0.865467 -0.216982 0.155712 -0.0515302 0.814998
0.0451537 -0.197736 -0.0998925 -0.0114259 0.851406
-0.876199 0.434689 0.0902721 0.0923007 0.851817
-0.478638 -0.515548 0.116644 0.220308 0.343176
-0.53085 0.317597 -0.192889 -0.0669505 0.796277
-0.721081 -0.447554 0.175692 -0.104916 0.875626
0.358325 0.787612 0.178392 -0.195136 0.722948
0.0287696 0.235425 -0.22404 0.225353 0.624647
-0.291399 -0.15508 -0.144205 -0.145058 0.794372
0.0411777 -0.850335 0.0931915 0.0522082 0.861069
0.0989991 -0.949116 0.166223 0.15853 0.1
0.640336 -0.858655 0.151905 -0.04224 0.721058
0.426931 0.0263711 -0.180117 0.0352341 0.493113
0.395735 0.845618 0.244789 -0.240257 0.730951
0.449291 0.0898124 0.038074 0.0503463 0.414765
0.108123 0.385411 -0.208989 0.220835 0.493659
-0.657329 -0.756575 0.0375237 0.141507 0.355464
0.756985 -0.210953 -0.194525 -0.244036 0.844947
0.527357 0.173222 0.0936229 0.221979 0.465726
-0.654321 -0.321542 -0.178381 0.201006 0.886327
0.438123 0.58035 -0.130028 -0.0296421 0.133285
0.71614 -0.253132 0.134844 0.110077 0.826887
-0.463592 -0.318265 0.174717 -0.152365 0.194917
0.554728 0.925647 0.0818827 -0.152094 0.807176
-0.746097 0.667256 -0.198742 -0.107402 0.1
-0.581913 0.653752 0.103187 -0.0494055 0.149802
0.335485 0.367822 -0.191258 0.234373 0.656664
0.260036 0.875428 -0.19588 -0.100552 0.306578
-0.639542 -0.183007 -0.0142061 0.113981 0.347886
0.762003 -0.0339119 0.202508 0.235269 0.200658
0.326635 -0.0315432 0.0399116 -0.110493 0.18627
0.891243 0.917072 0.122136 -0.210308 0.710817
0.0316685 -0.0167783 -0.0442958 -0.093606 0.4233
-0.0156746 0.573804 -0.208918 -0.123928 0.773031
0.341638 -0.289978 -0.198144 0.101212 0.34757
-0.734916 0.97777 0.177114 0.245268 0.976467
0.248512 -0.899302 0.0534635 0.0798193 0.286703
-0.688353 0.168723 -0.14507 -0.0930293 0.302534
-0.746746 0.42572 0.125781 -0.197931 0.55499
0.222186 0.691575 -0.0133301 -0.117661 0.432368
0.909975 0.123721 0.138226 0.0854886 0.5877
0.171971 0.653997 0.0886342 -0.0984917 0.1
-0.0724153 0.641965 -0.0183919 0.0549583 0.684079
-0.305537 -0.41216 0.0183518 -0.0969303 0.401579
0.877582 0.642287 -0.176571 -0.162234 0.427661
0.821202 0.543323 0.0773909 -0.238247 0.1
0.514938 0.677114 -0.0138164 0.109485 0.1
0.313799 -0.203888 0.105607 -0.00749598 0.723624
0.677191 0.63786 -0.118146 -0.111748 0.374249
-0.813482 -0.753825 -0.170425 -0.137165 0.849998
-0.855636 -0.491003 0.137965 -0.178029 0.109871
0.929023 0.709142 -0.243759 0.140236 0.2347
0.506268 -0.0687231 -0.223748 -0.208367 0.1
-0.206459 0.786898 -0.219133 0.175627 0.742745
-0.0252107 -0.343939 0.091884 -0.0914578 0.421932
0.191014 0.497264 -0.0318395 -0.025193 0.354128
-0.501648 -0.317995 0.170217 -0.148103 0.1
-0.307969 -0.96429 0.0646256 -0.0550418 0.357367
0.491795 0.044978 0.000185788 -0.106949 0.1
0.12936 -0.874268 -0.011029 0.22633 0.754635
0.25808 0.315714 -0.060334 -0.150694 0.961383
0.313304 -0.187787 0.0777156 0.115035 0.407154
-0.920593 0.499622 -0.145956 0.180729 0.303616
-0.722538 -0.265804 -0.220092 -0.24842 0.791707
-0.101624 -0.753185 -0.143696 0.143875 0.726776
0.933187 -0.434861 -0.0965602 0.224442 0.308204
-0.235221 -0.519475 -0.194464 0.0571895 0.1
0.366275 -0.620926 0.0341843 -0.194749 0.408639
0.0230037 0.334258 -0.0866864 0.174179 0.297031
-0.60149 -0.0832974 -0.164609 -0.192612 0.675746
0.372492 0.100815 -0.156931 0.00149193 0.349885
0.560992 -0.751902 -0.0557284 0.110962 0.43137
-0.681847 0.79072 -0.09242 0.042542 0.709067
-0.370066 0.895463 -0.186439 0.158018 0.771488
-0.271591 -0.850578 0.0239004 -0.0633792 0.4529
-0.100611 0.417489 0.0517823 -0.0308598 0.692498
-0.93886 -0.522882 -0.0688 0.0282104 0.490376
0.253266 0.287181 0.23442 0.225278 0.769802
0.211015 0.317071 -0.172438 -0.127708 0.722974
-0.979554 -0.858073 -0.087536 0.196915 0.740047
0.737417 -0.300248 -0.00818682 0.190304 0.198414
-0.931485 0.86759 -0.0703964 0.0600099 0.1
0.85888 0.578839 -0.0456458 -0.154746 0.495945
0.477215 0.70663 0.197311 0.210111 0.144461
-0.18565 0.0773411 0.155056 0.169381 0.1
-0.734441 0.539389 -0.00278994 -0.19933 0.974555
-0.481228 0.914883 0.0701512 0.147561 0.655642
0.878293 -0.611019 -0.0734095 0.0095568 0.1
0.718461 -0.827045 -0.0112381 0.0607276 0.66497
0.630118 -0.493946 -0.0708192 -0.189101 0.966056
0.673288 -0.0220396 -0.162247 -0.141233 0.955222
0.955704 -0.669147 0.192011 -0.068771 0.399911
-0.307946 -0.636824 0.144877 0.135762 0.549587
-0.273543 0.204575 0.0987408 0.0254203 0.152478
0.896954 -0.574413 0.188488 -0.0595392 0.861888
-0.330878 -0.376356 -0.0565746 -0.0229892 0.843666
0.208831 0.206283 0.0767282 -0.248892 0.574086
-0.958444 -0.381222 -0.0555524 -0.0971311 0.188179
-0.842243 -0.77259 0.165811 -0.154102 0.550635
-0.483473 -0.103714 -0.173242 -0.0574674 0.975045
-0.289849 0.123738 0.146655 0.120144 0.386546
-0.85179 0.915891 -0.134981 -0.102203 0.629757
0.536881 -0.40575 -0.0439502 -0.230041 0.993165
0.42304 0.824101 0.128183 -0.00290863 0.585033
-0.931937 -0.758621 -0.193288 -0.16965 0.951966
0.860741 -0.493054 0.184852 0.160913 0.960939
0.859206 0.26139 -0.0864079 0.199882 0.1
0.0451938 -0.301378 -0.0473765 0.0459813 0.116633
-0.770104 -0.0997266 -0.133439 -0.199008 0.464768
-0.333138 -0.199594 0.14679 -0.153453 0.1
-0.61461 -0.175272 0.156852 -0.185712 0.713447
0.134024 -0.0898132 -0.209735 -0.119064 0.179367
0.144924 -0.0511895 -0.0697568 0.0882783 0.912181
0.384983 0.817044 -0.224823 -0.0930094 0.791926
0.236266 -0.0819993 -0.177103 -0.0966092 0.73857
-0.970703 -0.0472454 0.163322 -0.043391 0.329935
-0.590849 0.254734 -0.175844 0.171966 0.137848
-0.166659 -0.624887 -0.176397 0.241364 0.418511
0.780253 0.0562042 0.0303856 -0.18549 0.109303
-0.982026 -0.10374 -0.0867764 -0.22842 0.410164
0.506381 -0.0174093 0.209 -0.135951 0.386269
-0.56626 0.461576 0.0167857 -0.154678 0.394506
0.686252 -0.298289 -0.186723 -0.202862 0.637144
-0.657925 -0.977704 -0.147053 -0.144198 0.464518
-0.834162 0.453078 0.212935 -0.145521 0.185313
-0.248054 0.405218 0.20634 0.13834 0.169044
-0.469638 -0.539408 -0.15365 0.128365 0.1
0.869913 0.530061 0.187914 0.161903 0.288476
-0.422314 -0.707746 -0.169417 0.156871 0.939474
0.456034 -0.492228 0.148323 -0.135018 0.167208
0.0344057 0.856635 0.01847 0.158705 0.333952
0.0584633 -0.415752 -0.0925734 0.118844 0.615061
0.533628 0.794289 0.143526 -0.143601 0.646823
0.56941 -0.881012 -0.141901 0.225564 0.245013
-0.102722 0.964583 -0.0750743 0.149577 0.445607
-0.605071 0.702957 -0.149468 -0.150338 0.689488
0.457709 -0.936263 -0.212464 0.0550449 0.218373
-0.595074 0.507141 0.0971852 -0.0895157 0.1
-0.031624 -0.287254 0.041069 0.0255716 0.969389
0.0281771 0.459691 -0.169932 0.0802601 0.746245
-0.34426 -0.646023 -0.0582858 0.119535 0.546839
0.826303 0.944794 0.230485 -0.203852 0.146882
-0.984112 -0.616187 -0.103662 0.135921 0.451976
-0.364 0.164911 -0.0995378 0.242238 0.378377
-0.371948 0.630967 -0.136717 -0.0704964 0.373201
-0.157942 -0.128564 0.226002 0.0703282 0.839031
-0.350525 0.252963 0.0605128 0.0316045 0.444126
-0.052885 0.363904 -0.114859 -0.0265255 0.493108
-0.0360219 0.784709 0.144997 0.227867 0.71952
0.204769 -0.436455 -0.0207783 0.185116 0.1
0.214677 -0.0887333 0.244836 0.0124945 0.907087
0.162706 -0.0810202 0.0948894 -0.162962 0.720343
0.802707 0.862629 -0.084981 0.125292 0.815649
-0.289725 0.0668285 -0.177028 -0.0917994 0.984276
0.712601 -0.542988 -0.0573787 0.202412 0.957111
0.917378 -0.450289 -0.246909 0.215457 0.922478
0.870078 0.166931 0.233596 0.246592 0.259603
0.143501 -0.536506 -0.00167166 0.072989 0.906369
0.0221802 0.379846 -0.134897 -0.0521083 0.293167
-0.958699 0.397822 -0.196312 0.23008 0.846035
-0.0385011 -0.966155 0.0512721 0.0789858 0.864826
0.314664 -0.770014 -0.161266 -0.23469 0.232232
0.943424 -0.737294 0.0405322 -0.0490208 0.9926
0.907695 0.803113 -0.097798 0.141939 0.662665
-0.0328146 -0.697812 0.201543 0.0568064 0.1
0.806497 0.655232 0.0121746 0.217801 0.1
-0.799582 0.734416 0.186122 0.24344 0.846741
0.644856 -0.863091 -0.129138 0.0979861 0.707743
-0.21334 0.881993 -0.0206816 0.243445 0.657838
0.382436 -0.976758 -0.205755 0.15382 0.279102
0.947867 -0.277804 -0.240432 0.0233628 0.929869
-0.00397837 -0.609198 0.200996 -0.0261811 0.893208
-0.822243 -0.806543 -0.142265 0.210737 0.399964
0.889582 0.190249 -0.13537 -0.151055 0.391348
-0.797077 0.651266 0.155178 -0.190988 0.439059
-0.180556 0.475908 -0.236902 0.169042 0.570122
-0.00690478 0.0294865 0.0526026 0.136096 0.378687
0.0685898 -0.144803 0.245869 -0.128649 0.539018
0.301577 -0.0309705 -0.0889304 0.114292 0.857881
-0.711726 0.0955579 0.240385 -0.0549699 0.205165
0.053112 -0.0773164 0.24718 0.124402 0.312035
-0.0374168 -0.0349972 0.175021 0.14239 0.331829
0.901637 -0.863874 0.0388115 -0.187354 0.502158
0.0822589 0.237049 -0.213988 0.0521712 0.741249
0.0486253 -0.502096 0.203766 -0.0651952 0.672234
-0.0462221 -0.802803 0.244433 0.00928813 0.82403
0.420021 -0.415697 0.133735 -0.106755 0.189945
0.00959241 -0.228545 -0.197245 -0.0329055 0.209076
-0.287466 -0.992348 0.161438 0.198606 0.927642
0.12727 0.941784 0.161256 -0.151255 0.1
-0.482595 0.0101157 -0.0756788 0.180604 0.308098
-0.388783 0.141719 -0.120799 -0.0236431 0.66163
-0.731483 0.977218 0.134783 0.0648288 0.116302
0.366022 -0.0554857 -0.0254451 0.240931 0.63121
-0.249634 -0.565351 -0.194179 0.0823595 0.452063
-0.441108 0.780077 0.0701527 0.226138 0.797379
-0.846081 -0.902471 0.247765 0.221093 0.943138
0.818868 -0.643907 -0.0176921 -0.0226128 0.326727
-0.755142 0.829854 0.203776 0.124935 0.580349
0.496815 -0.522385 0.207912 -0.0650838 0.339227
-0.399998 -0.912932 0.0838001 -0.00721715 0.555795
-0.175138 0.532107 -0.0287944 0.176385 0.1
0.954155 -0.255771 0.000757694 0.0883836 0.895374
0.860375 0.834648 0.0970333 -0.222046 0.361866
0.436825 0.112274 0.0558783 0.249511 0.599805
-0.312202 0.791252 -0.191047 -0.242285 0.823892
0.31818 0.481574 0.133115 0.198772 0.239551
-0.693178 -0.00582337 0.249335 0.181442 0.253067
-0.58109 0.166409 0.249274 -0.161645 0.1
0.0244144 0.454684 -0.141174 -0.0243205 0.740435
0.307163 -0.370966 0.0163333 -0.0755273 0.588303
-0.0111102 -0.575683 0.151565 0.205414 0.421425
-0.896449 -0.109322 0.00366652 0.0317574 0.605473
-0.0971999 -0.598925 -0.216865 -0.0959747 0.442045
-0.00815386 0.466328 -0.221061 -0.223309 0.725192
-0.207364 -0.440425 0.170518 -0.155135 0.409011
-0.596649 -0.395066 0.051712 0.123238 0.838107
0.0406609 0.548085 0.228658 -0.230811 0.349575
0.667626 0.42254 -0.141089 -0.229158 0.384288
0.503749 -0.667419 0.0129887 0.206828 0.504988
0.0187805 0.739144 0.0120406 0.204975 0.872866
0.38681 0.869047 -0.135314 -0.162376 0.820905
0.939378 -0.756064 0.188522 0.220322 0.945569
0.276249 0.875302 -0.126853 -0.0525698 0.639631
-0.726822 0.18674 0.0312529 0.177985 0.569492
0.897052 0.343202 -0.112825 -0.0565706 0.653996
0.145738 -0.745787 -0.166484 -0.205593 0.1
0.879542 -0.0257351 0.0765043 -0.090849 0.528555
0.481565 -0.333549 0.233126 0.232433 0.208279
-0.797818 -0.403553 -0.0305483 0.238822 0.499201
0.378217 0.733431 0.145107 0.0254886 0.641819
-0.778087 0.623754 -0.0663487 0.10786 0.143034
-0.380794 0.344864 0.223037 -0.127104 0.632105
-0.39657 -0.256125 -0.166635 -0.245705 0.88023
-0.0773075 0.391436 0.0352935 0.008279 0.509432
-0.0180824 -0.38867 0.1337 -0.126381 0.187342
0.971119 0.186578 0.00375035 0.178113 0.420906
-0.967288 0.853697 -0.0670123 -0.217997 0.851423
-0.433258 -0.877928 0.165403 -0.0169393 0.123946
-0.560087 -0.115004 0.00548166 0.211348 0.277935
0.370547 -0.211765 0.0829828 -0.171524 0.752919
0.10574 0.505113 -0.188483 0.170635 0.310128
0.737791 -0.64641 -0.0287193 0.093267 0.670094
-0.282206 0.91697 -0.187411 0.0300413 0.1
0.976796 0.691025 0.114543 0.158522 0.520541
0.683401 0.685757 0.181369 0.210678 0.978702
0.202205 0.688911 -0.0995018 0.0861247 0.902905
-0.414633 -0.572982 -0.0596917 0.0126402 0.427688
0.0599931 -0.158539 -0.171368 0.0584994 0.822971
0.267842 -0.531234 -0.0147421 0.0355445 0.431305
-0.364157 -0.313081 -0.0491401 0.124014 0.1
-0.525249 0.367224 0.225085 0.0689538 0.789459
-0.113233 0.113767 0.200945 -0.0162146 0.415522
-0.858047 0.642226 -0.171905 -0.129947 0.613536
0.755059 0.679784 0.113823 0.0476871 0.991403
0.123532 -0.314957 0.0848179 -0.0297875 0.748567
-0.308638 0.543748 0.0569066 -0.0536873 0.467381
0.34001 0.775201 0.215313 0.244861 0.1
0.218563 -0.0180729 -0.233417 0.222054 0.1
-0.637115 0.809069 -0.230458 0.0484111 0.144354
0.0182528 0.65752 -0.043173 0.140133 0.188326
0.0937535 -0.479844 0.0686817 -0.238417 0.539465
0.107812 -0.954387 0.175024 -0.189428 0.925551
-0.662182 0.494151 0.0848012 0.210372 0.917499
0.368431 0.741138 -0.119414 -0.197581 0.81774
-0.195233 -0.432261 0.236521 0.209467 0.941728
-0.172498 0.0740943 0.0862786 0.223839 0.590076
0.153395 -0.480557 -0.141337 0.0815001 0.1
0.529178 -0.916269 0.0151066 -0.195221 0.864735
-0.781299 0.6702 0.000153512 0.128392 0.428381
0.996278 0.932843 -0.14416 0.0553349 0.72863
0.258557 -0.505802 -0.011344 -0.1359 0.463832
-0.81904 0.364963 -0.0962611 -0.0783199 0.194227
0.439017 -0.235043 -0.21363 -0.11645 0.966622
0.21576 -0.459914 -0.206212 0.0285531 0.262313
-0.0562896 0.764598 0.191288 0.0100621 0.352219
-0.677699 -0.455579 0.209487 -0.108537 0.1
0.512313 -0.0363858 -0.137137 -0.00584853 0.1447
-0.0506661 -0.0779657 -0.172053 -0.0651801 0.383687
-0.171209 0.0290252 0.126194 0.0688567 0.42818
0.939126 -0.0729768 -0.188384 -0.124969 0.613334
0.270248 -0.875912 0.10966 0.182872 0.610761
0.843944 -0.422745 -0.245287 -0.0818606 0.788276
0.736313 -0.113304 0.143105 -0.0734132 0.1
-0.020092 0.114035 -0.0781984 -0.197462 0.431817
0.0399334 -0.968726 -0.0166603 0.0104751 0.442231
-0.93863 0.515537 0.199524 0.235565 0.900731
0.899423 0.937575 -0.249896 0.181689 0.120075
-0.979994 -0.963304 -0.00691311 0.23936 0.823287
0.99354 -0.741481 0.179372 0.00850236 0.1
-0.405864 0.99095 0.0250129 0.144183 0.67748
0.12987 -0.947261 -0.158646 0.195845 0.221144
0.357954 -0.160163 -0.0636321 0.112559 0.537628
0.452801 -0.613438 0.0405185 -0.238733 0.159592
0.651035 0.418595 -0.0634497 -0.211632 0.487704
0.58772 -0.236041 0.0597827 -0.0345138 0.74156
0.931808 -0.342468 0.0536322 0.0539897 0.309219
-0.952779 0.946096 0.17909 -0.102582 0.355806
-0.504448 0.499341 0.072015 0.221559 0.368123
0.930035 -0.963257 0.102315 0.0266688 0.682305
-0.910245 0.558681 -0.0929825 -0.0411521 0.521352
0.346886 0.909298 0.122672 -0.15433 0.754581
0.331318 0.502514 -0.118563 -0.0987763 0.46676
0.0840652 0.122382 0.145658 -0.122759 0.847154
-0.546324 -0.725829 -0.0516171 -0.210538 0.763482
0.678914 -0.153268 0.216823 -0.234332 0.494604
0.286349 0.563233 0.00488043 0.155792 0.248618
-0.899211 -0.708098 -0.0250583 -0.151823 0.640503
-0.346384 -0.941629 0.180336 0.109081 0.691509
-0.869238 0.304646 -0.110735 -0.153843 0.238193
0.456091 0.988623 -0.167239 0.127415 0.951905
0.411706 0.773498 -0.0913203 -0.151153 0.946395
-0.318277 -0.787967 -0.134862 -0.195897 0.906675
-0.734083 -0.374316 -0.0015659 0.209197 0.470303
0.816573 0.695824 0.140684 -0.233854 0.1452
-0.618702 0.876818 0.207166 -0.00318053 0.445272
-0.139648 0.0470027 -0.235384 0.120488 0.1
-0.516398 -0.27315 0.204255 0.123583 0.941798
0.209695 -0.297413 -0.221706 0.0360931 0.649881
0.1018 -0.906272 0.0420327 -0.0435144 0.610463
-0.0276508 0.867321 0.0775636 -0.0507122 0.923874
0.436684 0.029739 -4.05908e-05 0.135369 0.246268
0.230702 -0.397264 0.082949 0.135372 0.766906
0.453234 0.0388895 -0.090123 0.0029045 0.514358
0.00582755 0.217331 0.0386201 -0.198382 0.432587
-0.182011 0.37059 -0.00639682 -0.0426006 0.220223
-0.985182 0.0235935 0.0304189 0.167951 0.1379
0.67091 0.764769 0.127814 -0.0669522 0.33686
0.868899 0.315361 -0.163907 -0.116665 0.739616
0.88676 -0.763887 -0.14457 0.11972 0.59248
-0.236381 -0.39208 0.0213208 0.226193 0.224661
0.30669 -0.738419 0.10439 -0.0654378 0.972911
-0.205119 -0.0686932 0.0112177 0.0676918 0.710489
-0.901475 0.300359 0.166387 0.111832 0.345722
-0.763296 -0.53687 -0.229889 0.162875 0.217112
-0.476602 0.704177 -0.063884 -0.115797 0.1
0.657745 0.783165 0.000641525 0.125677 0.559261
-0.0562278 0.0801016 0.0962627 -0.179714 0.1
0.755598 0.497193 -0.112383 0.14573 0.68749
0.21319 -0.311035 0.0923406 -0.146032 0.991808
-0.876357 -0.512694 -0.102083 0.00495151 0.416439
0.15218 0.683295 -0.0808913 -0.175126 0.166661
-0.232743 -0.783776 -0.0759934 0.131519 0.1
0.888917 -0.929248 -0.0204103 -0.205439 0.475136
0.773256 -0.1019 0.182269 0.172152 0.955848
0.747809 0.777063 0.0709972 0.025371 0.234929
0.429079 0.0852765 0.209558 -0.0730622 0.849427
-0.560618 0.471056 0.239232 0.21742 0.905333
0.150941 -0.0885863 0.132937 -0.164915 0.1
-0.739992 0.829785 -0.0689868 -0.12833 0.1
-0.446629 -0.738721 0.203285 -0.109855 0.614769
0.992591 0.0436167 -0.00186187 -0.00963239 0.25877
0.936654 -0.494513 0.0431947 0.211798 0.578272
-0.950475 -0.577907 0.153078 -0.125333 0.640538
0.825755 -0.714461 -0.20247 -0.226456 0.961316
0.193758 0.146562 0.23188 -0.202064 0.965733
0.60587 0.152388 -0.153994 -0.230248 0.939908
-0.407658 -0.011495 -0.0994191 -0.146595 0.961624
0.147606 -0.765876 -0.0554655 -0.243401 0.119931
-0.145839 0.617899 0.0328346 0.0483245 0.1
-0.895134 0.844075 -0.0400796 -0.24152 0.3436
-0.997078 0.742454 -0.185358 -0.128814 0.1
-0.0413509 0.66966 0.183577 0.144404 0.119071
0.880337 -0.117183 -0.158841 -0.19148 0.127943
0.119151 0.0666777 0.117238 0.00680527 0.178896
-0.551098 -0.366249 0.102025 -0.147777 0.899839
-0.299853 -0.457988 -0.171056 -0.223985 0.1
-0.772166 -0.865881 0.146504 -0.0688752 0.513905
0.466365 -0.0919865 0.0312193 0.230093 0.940873
0.24129 0.290161 0.0959792 -0.110811 0.862382
0.60342 0.308602 0.0338307 -0.0902868 0.898831
-0.696361 0.482888 -0.154023 0.229752 0.153117
-0.528544 0.464479 -0.0234631 0.165473 0.97253
-0.363791 0.727439 -0.0705792 -0.19632 0.48652
-0.748559 0.23339 0.141504 -0.153737 0.853159
-0.98844 -0.312938 0.145699 -0.228129 0.814919
-0.75114 0.682678 0.166454 0.165044 0.191319
0.545555 -0.698756 -0.00192209 -0.111311 0.923825
-0.358038 0.244463 0.157621 0.0795154 0.360099
0.84524 -0.303218 -0.0369145 0.0829704 0.458261
-0.806523 -0.0209605 -0.0059894 -0.175819 0.1
0.515053 0.782098 -0.205436 -0.124374 0.446797
0.238612 -0.394182 -0.137283 0.00500494 0.872782
0.461126 0.60707 -0.197799 -0.0825477 0.817508
-0.734274 0.123887 0.230302 -0.0458472 0.1
0.576073 0.851094 -0.229369 -0.131702 0.763803
-0.57152 0.944424 -0.219264 0.196939 0.392119
0.676963 -0.854686 0.0761244 0.190091 0.632929
0.499118 -0.0908049 -0.165257 0.0406502 0.384459
0.207543 0.254591 -0.0677259 0.146116 0.129795
0.787627 -0.825215 0.187479 0.0454413 0.92716
0.505738 -0.884799 0.132414 0.0186342 0.130244
-0.422522 0.13927 0.0823964 -0.0199604 0.1
-0.89206 -0.845218 -0.0507961 -0.220575 0.764932
-0.909872 -0.721834 0.214669 -0.106134 0.165691
-0.304423 0.464345 0.0960185 -0.0641835 0.563063
0.602153 -0.745993 0.129744 0.200211 0.1
-0.0271761 0.250171 -0.0964524 0.0922993 0.184044
-0.262192 -0.0264767 0.224477 0.000833988 0.440179
-0.277935 0.609904 0.0999522 -0.0468208 0.821755
-0.651706 0.8987 0.153988 0.150398 0.707522
0.892088 0.773079 -0.0349745 0.111369 0.1
-0.0590635 -0.500743 -0.158167 0.0493325 0.72641
0.0761651 0.873983 -0.0356045 0.13352 0.834942
0.925227 0.79381 -0.034994 -0.0847534 0.644766
-0.226894 0.780679 -0.191894 -0.0574246 0.914758
0.954179 0.946034 -0.0801468 0.0340221 0.727037
0.262429 -0.0960727 -0.117968 -0.00456707 0.798746
0.293526 0.314076 -0.138481 0.0194089 0.994828
-0.720968 -0.0903062 0.0706787 -0.183151 0.687637
-0.221561 -0.955092 -0.23749 0.00220159 0.1
0.598519 -0.61488 0.192573 -0.139118 0.624212
0.682198 -0.153855 -0.155347 -0.0261349 0.284784
0.939273 -0.31465 0.0254415 -0.0451761 0.359524
-0.248351 -0.345307 0.0973938 0.0708848 0.487136
0.365098 -0.495959 -0.157122 0.0127065 0.593971
0.287855 -0.188999 -0.0607014 0.117121 0.1
-0.231716 -0.133632 -0.203313 0.188439 0.663724
-0.373062 0.138922 -0.119318 -0.0932694 0.891236
-0.379199 0.921825 -0.0602733 -0.2375 0.265228
-0.244611 0.527447 -0.204722 -0.0560058 0.1
0.726714 -0.373418 0.195602 0.212799 0.121176
0.909493 -0.990207 -0.139952 0.211278 0.655467
-0.702964 0.135264 -0.0163286 0.193695 0.653339
0.133217 -0.995813 -0.225133 0.203967 0.1
-0.81363 -0.50818 0.0462288 -0.174843 0.1
0.864955 0.479571 -0.0177619 -0.0212351 0.438021
-0.0445248 -0.236216 -0.093229 -0.241045 0.130528
-0.319436 0.224703 0.230117 -0.0994242 0.397627
0.444928 0.00572443 -0.120685 0.0784289 0.731846
-0.405042 -0.234281 -0.0359549 -0.0183519 0.167253
-0.107837 -0.866404 -0.0536325 -0.0129735 0.844668
-0.159741 0.13083 -0.0789387 -0.0854945 0.135607
-0.279389 0.890079 0.160703 -0.185612 0.838034
-0.865063 0.610488 -0.194333 0.248454 0.784269
-0.597089 -0.0831103 -0.0556667 0.115806 0.876491
0.505275 -0.887235 0.0426989 -0.182391 0.680311
-0.579619 0.912003 -0.109528 -0.218384 0.73456
-0.517888 -0.446848 0.0404315 0.154267 0.1
0.673337 0.772974 -0.0243683 0.213401 0.1
-0.79787 -0.343023 0.0491239 0.211737 0.93093
0.260188 0.932473 -0.00608812 -0.160544 0.962126
0.931179 0.0295466 0.156919 -0.204271 0.80861
0.403351 0.853437 0.171859 -0.103593 0.152535
-0.39426 -0.180655 0.248335 -0.03736 0.110572
-0.118698 -0.516798 0.0164748 -0.241677 0.194369
0.345838 0.865128 -0.0910336 0.145712 0.730441
-0.0332081 -0.00825548 -0.134724 0.0480239 0.37881
0.743494 -0.619261 0.0285571 -0.216426 0.908076
-0.947956 0.305658 -0.0357159 0.227917 0.296405
-0.249839 0.142224 -0.204731 0.112931 0.896451
-0.333181 0.798543 0.0463209 0.181702 0.546638
-0.594603 0.315942 -0.175948 0.111874 0.204707
0.0815037 0.639477 0.104166 -0.11936 0.33736
0.259261 -0.110389 0.106901 0.00450042 0.32796
0.316483 -0.091511 0.0201772 -0.165724 0.1
-0.415519 -0.710806 0.199761 0.047065 0.901574
-0.0789882 -0.105396 0.0868992 0.0939671 0.346054
-0.986889 0.405846 0.0999967 -0.128644 0.927956
-0.778553 -0.903105 -0.0313624 0.165729 0.580475
0.766876 -0.226709 -0.0515286 0.00431734 0.19751
0.13333 -0.107477 -0.107629 0.0906524 0.187188
-0.503586 0.485502 -0.100749 0.184914 0.51328
0.750877 -0.753378 0.0209402 0.00421837 0.164918
-0.42739 -0.438832 0.0136994 0.221124 0.906477
0.430222 0.609494 0.120305 -0.00313738 0.436402
-0.34901 -0.291419 -0.0745253 0.237517 0.125003
0.508912 0.84121 -0.182168 -0.000748649 0.891861
-0.619307 0.0937519 0.193327 -0.200442 0.276193
-0.891248 -0.126654 0.230741 -0.204129 0.1
-0.910187 0.30132 -0.198964 0.0253116 0.185861
-0.95211 0.987258 -0.181209 -0.0719672 0.459255
0.149503 -0.0159115 0.0340035 0.115831 0.213872
0.956581 -0.675588 -0.078459 -0.109658 0.972863
-0.127438 0.100706 -0.0797156 -0.118613 0.818221
-0.00650388 0.541145 -0.172804 0.134762 0.1
-0.136849 -0.226672 -0.243464 -0.0301472 0.1
0.490658 -0.959132 -0.0146464 0.0316488 0.413804
0.790349 -0.675608 0.0992439 0.162809 0.1
0.631402 -0.0926688 -0.0688388 0.117856 0.946875
0.817267 0.444262 0.168833 -0.0811042 0.5109
-0.738229 -0.394786 -0.109048 -0.0416659 0.167338
-0.028273 0.603428 0.05713 -0.204788 0.456442
0.0737512 -0.753386 -0.225274 0.135795 0.59292
0.393664 0.22556 0.206535 0.149273 0.1
-0.111287 0.221588 -0.137677 -0.142449 0.260511
-0.767677 0.572088 -0.0933917 -0.232998 0.971984
-0.0605581 0.456974 -0.0887746 -0.182737 0.560897
0.36016 -0.361554 -0.0817062 0.129186 0.182709
-0.659263 0.856472 -0.216585 -0.216893 0.239255
0.855129 -0.845607 -0.204182 -0.141911 0.588537
0.823753 0.383265 0.145432 0.108365 0.280227
0.820267 -0.00926405 0.0715666 -0.0575251 0.567036
0.5321 0.0147686 0.247909 0.224509 0.22794
0.865019 0.180371 0.171628 0.0732369 0.883692
-0.14851 -0.555071 0.178994 -0.0659751 0.420835
-0.0181339 -0.444372 -0.0412615 -0.243777 0.3242
-0.852625 -0.747358 0.185123 0.230191 0.642062
-0.501512 0.165412 0.0706633 0.0899096 0.567149
0.172753 -0.736852 0.0343593 -0.0870634 0.922654
0.100871 0.28951 0.227063 -0.0847262 0.1
0.286036 0.288756 -0.0837001 0.235355 0.244225
0.818505 0.174442 -0.11606 0.0337801 0.205214
-0.150215 0.75981 0.0234632 0.110271 0.952874
0.406654 -0.415744 0.0459089 0.0590169 0.1
0.29755 0.718816 0.0740386 -0.117896 0.559262
0.0437274 0.801959 0.0559661 -0.116104 0.539835
-0.61717 0.399569 0.0525526 -0.00463517 0.165834
0.524293 0.503805 0.144194 -0.159319 0.117306
0.441603 0.047085 -0.216148 0.166408 0.870532
0.883823 -0.961616 -0.0582871 -0.135192 0.258237
0.554763 -0.752182 -0.196277 -0.00376327 0.650748
0.751239 0.0695038 0.112355 0.056806 0.747718
0.529115 -0.831244 0.195059 -0.0219605 0.910947
0.542765 0.287103 0.114647 0.225048 0.670412
0.758401 -0.347796 -0.153626 -0.0280165 0.760958
0.480065 -0.661584 -0.0724934 -0.0959885 0.955457
0.109846 0.0324651 0.204312 0.14206 0.749172
0.641879 0.858144 -0.0293223 -0.231223 0.774246
0.0430773 -0.084618 0.198676 -0.0571437 0.629944
-0.755215 -0.818204 -0.0167732 0.119718 0.246942
-0.0581825 -0.589395 0.122533 0.0669937 0.232661
-0.0111969 -0.483401 -0.147014 0.209186 0.82761
-0.988775 -0.743603 0.0557163 0.12641 0.339501
0.0196518 -0.631563 -0.00105554 0.0559531 0.945455
0.700506 0.177245 -0.013442 -0.235025 0.402728
-0.709993 -0.123149 -0.106538 -0.0896716 0.21858
-0.973487 0.819016 -0.0772344 -0.0947279 0.484856
-0.516794 0.88458 0.0113453 -0.186567 0.614791
-0.639466 -0.56523 -0.167395 -0.0197255 0.608168
-0.55823 0.405077 -0.121128 0.13867 0.157476
-0.716081 -0.134056 -0.183863 0.237772 0.101813
-0.599711 0.478645 0.0464919 0.245027 0.109432
0.661579 -0.707795 0.0655351 0.169426 0.662541
-0.553346 0.33797 -0.0265838 -0.200656 0.256784
0.845366 0.693571 -0.150836 0.238259 0.286339
0.729832 0.526618 -0.0877576 0.0989012 0.375283
0.123746 0.244676 -0.147681 -0.167471 0.535259
-0.663365 0.693188 0.0290585 0.0316216 0.52865
-0.60261 -0.29698 0.0870885 0.118099 0.338591
0.24676 -0.774479 0.176822 0.194339 0.141967
-0.0421628 0.175678 0.177507 0.0477276 0.915461
-0.189461 -0.760207 -0.0329704 0.125113 0.552571
-0.591945 0.50918 -0.0754562 0.0718058 0.392826
0.771719 0.0694185 -0.054476 0.106659 0.167161
0.38778 0.73325 0.031553 0.230706 0.817213
0.872726 -0.0345458 -0.0742911 0.115331 0.404438
0.205892 -0.0871719 0.161094 0.0765444 0.1
0.599322 -0.725871 -0.235953 -0.144554 0.591412
-0.742148 -0.141342 0.246691 0.244739 0.168195
-0.023022 -0.744203 -0.214978 0.139524 0.1
-0.0532541 -0.0402014 0.181421 -0.127141 0.882301
0.464377 0.103585 -0.0793702 0.192075 0.705359
-0.134573 0.18689 -0.180069 0.171616 0.231477
-0.977297 -0.514988 0.163499 -0.0242836 0.419978
0.825848 0.437663 0.122896 0.198142 0.198103
-0.00536048 -0.24278 -0.0224169 0.0721574 0.501527
-0.338189 -0.808703 -0.232739 0.247743 0.410758
-0.325788 0.803497 -0.0643892 0.193973 0.1
0.282625 -0.639779 -0.131086 -0.0372106 0.693807
-0.700905 -0.418499 -0.02635 0.144648 0.840692
-0.670389 0.509684 -0.0019819 0.141388 0.330612
0.992243 -0.378239 0.198949 0.224407 0.311118
0.0605175 0.230923 -0.0145671 -0.215752 0.854919
0.924187 0.866884 -0.229613 0.0514216 0.542003
0.859951 0.697735 0.1021 0.086243 0.803553
0.9765 0.714322 0.0939583 -0.164305 0.37874
0.465688 0.460443 -0.143884 0.21985 0.528749
0.428769 -0.753757 0.140583 -0.164283 0.84064
0.361604 0.549848 0.208138 -0.139814 0.137451
0.937424 0.544321 -0.0501795 -0.0677532 0.364685
-0.696612 -0.495377 -0.0159465 -0.160525 0.947965
-0.834692 -0.933872 -0.0910695 0.217217 0.286845
0.799123 -0.40813 0.0848559 0.131806 0.743013
-0.720161 0.578718 -0.182972 -0.0813399 0.346236
-0.66884 0.97049 -0.0831286 -0.0103001 0.919781
-0.962272 -0.397159 0.160932 0.088212 0.666794
0.799254 0.341929 -0.209579 0.0823743 0.1
0.752505 0.490303 -0.0832529 0.225329 0.416625
0.564692 -0.374258 -0.245107 0.0463385 0.9167
0.531492 0.863947 -0.0189746 0.149171 0.1
-0.84883 -0.489783 0.205763 -0.0354196 0.640615
-0.923711 -0.259141 0.114409 0.0951248 0.538125
-0.152729 -0.478281 0.215361 -0.0790602 0.404238
0.0301312 0.487337 0.222101 -0.0455079 0.33946
0.924476 0.860407 -0.0700808 0.0906129 0.833561
-0.459488 -0.954899 -0.0113438 -0.13368 0.747939
0.746568 -0.888641 0.130124 -0.241781 0.233553
0.400692 0.321359 -0.249113 -0.194374 0.775415
0.305511 -0.0215008 -0.224867 -0.0601186 0.101715
-0.729975 0.977714 -0.215466 -0.0826441 0.4203
0.784933 -0.351654 -0.0530297 0.0908878 0.541017
-0.0862176 -0.222158 0.124059 0.198764 0.237397
-0.851361 -0.137961 0.235694 0.164162 0.392446
-0.391525 0.585948 -0.249289 0.148235 0.616003
0.481151 0.703255 0.126798 -0.110453 0.50809
0.448341 0.79452 0.204157 0.0394227 0.208234
-0.244581 -0.377892 -0.111108 0.187836 0.376916
-0.281656 0.381113 -0.230265 0.0243937 0.35095
0.687842 -0.708817 0.0788512 0.166867 0.33914
-0.257296 0.297979 0.186045 -0.104903 0.891508
-0.675929 -0.86642 -0.217155 -0.0865084 0.538666
0.475543 -0.759714 -0.0634239 -0.22752 0.395965
0.708723 0.0680245 -0.139815 -0.127087 0.170544
0.0992844 -0.853886 -0.114726 -0.0832693 0.909299
0.0208752 0.716726 -0.0107288 -0.0408048 0.660818
-0.2359 -0.935117 0.216087 0.21327 0.467215
0.521358 0.148108 0.127291 0.156338 0.113867
0.174314 0.887305 -0.246335 0.131326 0.907978
-0.607263 -0.469957 -0.239523 0.111509 0.945062
-0.175075 -0.207226 -0.137188 0.181936 0.410733
0.674831 0.723805 -0.174856 0.128504 0.350193
0.652435 -0.975892 -0.210013 0.194352 0.1
0.193875 -0.425641 -0.121086 -0.213044 0.402556
-0.242772 -0.855206 0.0532738 0.191777 0.30783
0.510137 -0.741169 -0.0116985 0.0927926 0.856564
0.638952 0.724196 -0.166122 -0.0727099 0.883103
0.966111 -0.62112 -0.0475683 0.154163 0.677862
-0.854937 -0.947247 -0.016868 0.126834 0.1
0.836271 -0.705992 -0.111778 -0.191141 0.847175
-0.398073 -0.427113 0.032365 0.0118435 0.529794
0.792005 -0.210931 0.126753 -0.22114 0.476266
-0.298809 0.799675 -0.0180523 -0.0327759 0.352051
-0.834858 0.908723 -0.171242 0.0845394 0.481125
-0.824867 -0.324745 -0.0481432 -0.111253 0.465252
-0.713917 -0.531693 -0.230908 0.096574 0.157504
-0.588789 -0.199181 0.198198 -0.168724 0.90232
